0       66666
1       55555
2       44444
3       33333
4       22222
5       11111
-1      800
6       56666
7       46666
10      36666
11      26666
12      16666
13      55556
14      45555
15      35555
16      25555
17      15555
20      44446
21      44445
22      34444
23      24444
24      14444
25      33336
26      33335
27      33334
30      23333
31      13333
32      22226
33      22225
34      22224
35      22223
36      12222
37      11116
40      11115
41      11114
42      11113
43      11112
-1      200
44      23456
45      12345
-1      600
46      55666
47      44666
50      33666
51      22666
52      11666
53      55566
54      44555
55      33555
56      22555
57      11555
60      44466
61      44455
62      33444
63      22444
64      11444
65      33366
66      33355
67      33344
70      22333
71      11333
72      22266
73      22255
74      22244
75      22233
76      11222
77      11166
100     11155
101     11144
102     11133
103     11122
-1      200
104     45666
105     35666
106     25666
107     15666
110     34666
111     24666
112     14666
113     23666
114     13666
115     12666
116     45556
117     35556
120     25556
121     15556
122     34555
123     24555
124     14555
125     23555
126     13555
127     12555
130     44456
131     34446
132     24446
133     14446
134     34445
135     24445
136     14445
137     23444
140     13444
141     12444
142     33356
143     33346
144     23336
145     13336
146     33345
147     23335
150     13335
151     23334
152     13334
153     12333
154     22256
155     22246
156     22236
157     12226
160     22245
161     22235
162     12225
163     22234
164     12224
165     12223
166     11156
167     11146
170     11136
171     11126
172     11145
173     11135
174     11125
175     11134
176     11124
177     11123
-1      100
200     45566
201     35566
202     25566
203     15566
204     44566
205     34466
206     24466
207     14466
210     33566
211     33466
212     23366
213     13366
214     22566
215     22466
216     22366
217     12266
220     11566
221     11466
222     11366
223     11266
224     44556
225     34455
226     24455
227     14455
230     33556
231     33455
232     23355
233     13355
234     22556
235     22455
236     22355
237     12255
240     11556
241     11455
242     11355
243     11255
244     33446
245     33445
246     23344
247     13344
250     22446
251     22445
252     22344
253     12244
254     11446
255     11445
256     11344
257     11244
260     22336
261     22335
262     22334
263     12233
264     11336
265     11335
266     11334
267     11233
270     11226
271     11225
272     11224
273     11223
-1      50
274     34566
275     24566
276     14566
277     23566
300     13566
301     12566
302     23466
303     13466
304     12466
305     12366
306     34556
307     24556
310     14556
311     23556
312     13556
313     12556
314     23455
315     13455
316     12455
317     12355
320     34456
321     24456
322     14456
323     23446
324     13446
325     12446
326     23445
327     13445
330     12445
331     12344
332     33456
333     23356
334     13356
335     23346
336     13346
337     12336
340     23345
341     13345
342     12335
343     12334
344     22456
345     22356
346     12256
347     22346
350     12246
351     12236
352     22345
353     12245
354     12235
355     12234
356     11456
357     11356
360     11256
361     11346
362     11246
363     11236
364     11345
365     11245
366     11235
367     11234
370     13456
371     12456
372     12356
373     12346